address: 52.36622884605627, 4.86856649238004
dist = 1500